0.8333
2.0417
3.2083
5.3333
5.9167
7.125
7.4167
7.75
8.3333
9.5417
9.8333
10.0
10.125
10.75
11.9583
12.25
12.5417
13.125
14.3333
14.5
14.625
14.7917
14.9167
15.5417
16.75
17.0417
17.3333
17.9583
19.125
19.4583
19.5833
19.75
20.3333
21.5417
21.8333
22.125
22.75
23.9167
24.125
24.25
24.375
24.5417
25.125
26.3333
26.625
26.9167
27.5417
28.75
29.0417
29.1667
29.3333
29.9167
31.125
31.4167
31.75
32.3333
33.5417
33.7083
33.8333
34.0
34.125
34.75
35.9167
36.25
36.5417
37.125
38.3333
38.625
38.7917
38.9583
39.5417
40.75
41.0417
41.3333
41.9583
43.125
43.2917
43.4167
43.5833
43.75
46.125
46.75
47.9583
48.375
48.5417
48.7083
49.125
50.3333
50.625
50.9167
51.5417
52.75
52.875
53.0417
53.2083
53.3333
53.9583
55.125
55.4167
55.75
56.3333
57.5417
57.8333
58.0
58.125
58.75
59.9583
60.25
60.5417
61.125
62.3333
62.4583
62.625
62.7917
62.9167
63.5417
64.75
65.3333
65.5833
65.9583
67.125
67.4583
67.5833
67.75
68.3333
69.5417
69.8333
70.125
70.75
71.9583
72.125
72.25
72.375
73.125
74.3333
74.625
74.9167
75.5417
76.75
77.0417
77.1667
77.3333
77.9167
79.125
79.4167
79.75
80.3333
81.5417
81.7083
81.8333
82.0
82.75
83.9583
84.25
84.5417
85.125
86.3333
86.625
86.7917
86.9583
87.5417
88.75
89.0417
89.3333
89.9167
91.125
91.2917
91.4167
91.5833
92.3333
93.5417
93.8333
94.125
94.75
95.9167
96.25
96.375
96.5417
97.125
98.3333
98.625
98.9167
99.5417
100.75
100.9167
101.0417
101.1667
101.3333
101.9167
103.125
103.75
104.3333
105.5417
105.8333
106.0
106.125
106.75
107.9167
108.25
108.5417
109.125
110.3333
110.5
110.625
110.7917
110.9167
111.5417
112.75
113.0417
113.3333
113.9583
115.125
115.4167
115.5833
115.75
116.3333
117.5417
117.8333
118.125
118.75
119.9167
120.125
120.25
120.375